g++ -Wno-write-strings -Wno-unused-result -O0 -g availability_test.cpp -o availability
./availability 
alg_hnsw0
level 0: 289383: (53789, 47093); (271036, 46817); (92273, 46423); (75532, 43679); (255386, 43103); (90194, 42035); (50901, 39175); (66646, 37059); (291405, 18190); (309644, 47992); (314986, 44629); (317354, 57670); (320348, 29795); (332509, 52689); (334366, 43239); (361470, 31549); (438048, 41579); (720407, 44203); (796563, 38334); 
level 1: 289383: no such level
alg_hnsw1
level 0: 289383: (53789, 47093); (271036, 46817); (92273, 46423); (75532, 43679); (255386, 43103); (90194, 42035); (50901, 39175); (66646, 37059); (291405, 18190); (309644, 47992); (314986, 44629); (317354, 57670); (320348, 29795); (332509, 52689); (334366, 43239); (361470, 31549); (438048, 41579); 
level 1: 289383: no such level
alg_hnsw3
level 0: 289383: (720407, 44203); (796563, 38334); (53789, 47093); (271036, 46817); (92273, 46423); (75532, 43679); (255386, 43103); (90194, 42035); (50901, 39175); (66646, 37059); (291405, 18190); (309644, 47992); (314986, 44629); (317354, 57670); (320348, 29795); (332509, 52689); (334366, 43239); (361470, 31549); (438048, 41579); 
level 1: 289383: no such level
alg_hnsw0
level 0: 930886: (326708, 78059); (24866, 71866); (647869, 71002); (605526, 68302); (111109, 67445); (931395, 27791); 
level 1: 930886: no such level
alg_hnsw2
level 0: 430886: (219368, 85253); (29480, 84897); (105526, 68302); 
level 1: 430886: no such level
alg_hnsw3
level 0: 930886: (467086, 96420); (719368, 85253); (529480, 84897); (605526, 68302); 
level 1: 930886: no such level
alg_hnsw0
level 0: 692777: (521735, 76590); (182970, 76428); (176284, 69807); (139349, 69428); (89770, 68843); (616280, 65208); (166875, 61115); (745645, 77722); 
level 1: 692777: no such level
alg_hnsw2
level 0: 192777: (13255, 87098); (61797, 83094); (21735, 76590); (130414, 70291); (116280, 65208); (14710, 61571); (193210, 82254); (245645, 77722); (335994, 69129); (398813, 77751); (467737, 73665); (478777, 81082); 
level 1: 192777: (57665, 103682); (102634, 101038); (3138, 100776); (179520, 90395); (3261, 88551); (15207, 83168); (99211, 82197); (211758, 79774); (225883, 81061); (266868, 79721); (375766, 99614); (427217, 108713); 
alg_hnsw3
level 0: 692777: (439532, 70284); (513255, 87098); (561797, 83094); (521735, 76590); (630414, 70291); (616280, 65208); (514710, 61571); (693210, 82254); (745645, 77722); (835994, 69129); (898813, 77751); (967737, 73665); (978777, 81082); 
level 1: 692777: (385548, 103641); (557665, 103682); (602634, 101038); (503138, 100776); (679520, 90395); (503261, 88551); (515207, 83168); (599211, 82197); (711758, 79774); (725883, 81061); (766868, 79721); (875766, 99614); (927217, 108713); 
alg_hnsw0
level 0: 636915: (397767, 46336); (382673, 46055); (441154, 45236); (378723, 45043); (125572, 44839); (276070, 44487); (428793, 43688); (217132, 43101); (405805, 42983); (14987, 42455); (516736, 39493); (436299, 38640); (597248, 37602); (298145, 36663); (495563, 36520); (480487, 34725); (340263, 33976); (604416, 33482); (216476, 30236); (636958, 24232); (732609, 42853); (732702, 47782); (734763, 76410); (762451, 40719); (773619, 56517); (782526, 43815); (869480, 49281); (869545, 32937); (870784, 50436); (929520, 40654); (935863, 35288); (946149, 40646); (963205, 37816); (987373, 51575); (998479, 36928); 
level 1: 636915: no such level
alg_hnsw2
level 0: 136915: (133413, 56054); (104474, 53945); (97243, 50989); (73049, 50275); (71722, 47717); (96104, 47689); (41138, 45686); (74220, 43889); (16736, 39493); (97248, 37602); (104416, 33482); (136958, 24232); (146745, 51901); (187387, 62519); (192501, 48946); (199168, 74852); (203025, 53721); (210029, 60791); (218150, 54979); (232609, 42853); (235716, 51132); (236644, 44019); (237837, 58205); (262451, 40719); (262798, 54409); (262918, 51482); (273619, 56517); (282526, 43815); (288497, 53997); (326077, 46792); (328979, 50775); (361688, 59120); (369480, 49281); (369545, 32937); (370784, 50436); (376677, 45041); (395165, 46183); (400546, 41383); (429520, 40654); (431424, 50472); (435863, 35288); (446149, 40646); (463205, 37816); (487260, 50590); (498479, 36928); 
level 1: 136915: no such level
alg_hnsw3
level 0: 636915: (479559, 48817); (276070, 44487); (391568, 43906); (436299, 38640); (633413, 56054); (604474, 53945); (597243, 50989); (573049, 50275); (571722, 47717); (596104, 47689); (541138, 45686); (574220, 43889); (516736, 39493); (597248, 37602); (604416, 33482); (636958, 24232); (646745, 51901); (687387, 62519); (692501, 48946); (699168, 74852); (703025, 53721); (710029, 60791); (718150, 54979); (732609, 42853); (735716, 51132); (736644, 44019); (737837, 58205); (762451, 40719); (762798, 54409); (762918, 51482); (773619, 56517); (782526, 43815); (788497, 53997); (826077, 46792); (828979, 50775); (861688, 59120); (869480, 49281); (869545, 32937); (870784, 50436); (876677, 45041); (895165, 46183); (900546, 41383); (929520, 40654); (931424, 50472); (935863, 35288); (946149, 40646); (963205, 37816); (987260, 50590); (998479, 36928); 
level 1: 636915: no such level
alg_hnsw0
level 0: 747793: (397225, 44070); (471419, 35599); (41071, 34718); (415530, 28569); (741940, 16585); (741371, 15900); (912347, 43708); 
level 1: 747793: no such level
alg_hnsw2
level 0: 247793: (158735, 48660); (165195, 46006); (18417, 29242); (241940, 16585); (241371, 15900); (278923, 51063); (353151, 52485); (365672, 63286); 
level 1: 247793: no such level
alg_hnsw3
level 0: 747793: (441007, 54670); (658735, 48660); (665195, 46006); (518417, 29242); (741940, 16585); (741371, 15900); (778923, 51063); (853151, 52485); (865672, 63286); 
level 1: 747793: no such level
alg_hnsw0
level 0: 238335: (174455, 21404); (126484, 20687); (52186, 18242); (238233, 15347); (228517, 4048); (240586, 22720); (255215, 16536); (290490, 7931); (511427, 22862); (581119, 14267); (702864, 29609); (890487, 24007); (946399, 26344); 
level 1: 238335: no such level
alg_hnsw1
level 0: 238335: (174455, 21404); (126484, 20687); (52186, 18242); (238233, 15347); (228517, 4048); (240586, 22720); (255215, 16536); (290490, 7931); 
level 1: 238335: no such level
alg_hnsw3
level 0: 238335: (737446, 11509); (174455, 21404); (126484, 20687); (52186, 18242); (238233, 15347); (228517, 4048); (240586, 22720); (255215, 16536); (290490, 7931); 
level 1: 238335: no such level
alg_hnsw0
level 0: 885386: (879208, 49355); (397146, 48155); (97620, 46439); (477391, 41990); (62762, 40554); (353469, 34413); (885143, 17957); 
level 1: 885386: no such level
alg_hnsw2
level 0: 385386: (33350, 53129); (142877, 49671); (379208, 49355); (31535, 48013); (14547, 45827); (6866, 45716); (59505, 44197); (233748, 40443); (385143, 17957); (466281, 61285); 
level 1: 385386: no such level
alg_hnsw3
level 0: 885386: (216636, 46207); (533350, 53129); (642877, 49671); (879208, 49355); (531535, 48013); (514547, 45827); (506866, 45716); (559505, 44197); (733748, 40443); (885143, 17957); (966281, 61285); 
level 1: 885386: no such level
alg_hnsw0
level 0: 760492: (546004, 32950); (100751, 32513); (584551, 32415); (619341, 27070); (374899, 25442); (756828, 23420); (759116, 6124); (763814, 54894); (775146, 42721); (832958, 37933); (837605, 27358); (837681, 24269); (845427, 30069); 
level 1: 760492: no such level
alg_hnsw2
level 0: 260492: (167052, 41694); (174982, 40952); (46004, 32950); (84551, 32415); (209432, 32188); (119341, 27070); (256828, 23420); (259116, 6124); (275146, 42721); (296358, 42766); (332958, 37933); (337605, 27358); (337681, 24269); (345101, 61678); (345427, 30069); 
level 1: 260492: no such level
alg_hnsw3
level 0: 760492: (374489, 24523); (667052, 41694); (674982, 40952); (546004, 32950); (584551, 32415); (709432, 32188); (619341, 27070); (756828, 23420); (759116, 6124); (775146, 42721); (796358, 42766); (832958, 37933); (837605, 27358); (837681, 24269); (845101, 61678); (845427, 30069); 
level 1: 760492: no such level
alg_hnsw0
level 0: 516649: (352605, 56066); (101277, 55063); (514579, 50171); (141097, 49735); (460771, 44492); (208746, 42932); (237499, 42658); (516635, 34977); (518366, 17322); (518457, 36404); (523011, 41278); (539970, 63342); (574036, 58605); (619968, 66514); (790776, 61907); 
level 1: 516649: no such level
alg_hnsw2
level 0: 16649: (15092, 61618); (2185, 58205); (4885, 52512); (14579, 50171); (16757, 43917); (18366, 17322); (18457, 36404); (20350, 63122); (22878, 48994); (23011, 41278); (23045, 63153); (56352, 86781); (119968, 66514); (374138, 60433); (426007, 47466); 
level 1: 16649: no such level
alg_hnsw3
level 0: 516649: (208746, 42932); (515092, 61618); (502185, 58205); (504885, 52512); (514579, 50171); (516757, 43917); (518366, 17322); (518457, 36404); (520350, 63122); (522878, 48994); (523011, 41278); (523045, 63153); (556352, 86781); (619968, 66514); (874138, 60433); (926007, 47466); 
level 1: 516649: no such level
alg_hnsw0
level 0: 641421: (359660, 71265); (380857, 70775); (190241, 67494); (378698, 60225); (189329, 58687); (53222, 56477); (616733, 51826); (557522, 51088); (543998, 28020); (642228, 59902); (809174, 61108); (857478, 53022); 
level 1: 641421: (43043, 104331); (415618, 89697); (487751, 83104); (46476, 82428); (50155, 59868); (642228, 59902); (852078, 113863); 
alg_hnsw2
level 0: 141421: (82379, 86921); (38298, 79009); (37743, 77633); (90368, 76530); (116733, 51826); (57522, 51088); (43998, 28020); (142228, 59902); (145002, 82694); (155616, 67167); (187185, 62882); (199824, 68900); (283633, 91992); (308551, 76515); (309174, 61108); (327167, 57695); (376488, 46441); (385570, 56261); (434243, 65120); 
level 1: 141421: no such level
alg_hnsw3
level 0: 641421: (439691, 132375); (582379, 86921); (538298, 79009); (537743, 77633); (590368, 76530); (616733, 51826); (557522, 51088); (543998, 28020); (642228, 59902); (645002, 82694); (655616, 67167); (687185, 62882); (699824, 68900); (783633, 91992); (808551, 76515); (809174, 61108); (827167, 57695); (876488, 46441); (885570, 56261); (934243, 65120); 
level 1: 641421: no such level
